0	-96.552361	0.000007	1811.320801
1	-95.537788	0.000009	1811.320801
2	-96.909515	0.000007	805.031433
3	-98.200462	0.000005	402.515717
4	-97.578987	0.000006	402.515717
5	-97.165062	0.000006	603.773560
6	-96.015511	0.000008	1006.289307
7	-96.787170	0.000007	603.773560
8	-97.035408	0.000006	805.031433
9	-96.117706	0.000008	1408.805054
10	-95.915672	0.000008	1006.289307
11	-96.015511	0.000008	805.031433
12	-97.298698	0.000006	402.515717
13	-96.117706	0.000008	402.515717
14	-96.222359	0.000008	603.773560
15	-97.035408	0.000006	805.031433
16	-94.946571	0.000010	1207.547119
17	-98.200462	0.000005	201.257858
18	-96.552361	0.000007	603.773560
19	-96.552361	0.000007	1006.289307
20	-97.165062	0.000006	603.773560
21	-98.036560	0.000005	402.515717
22	-96.909515	0.000007	201.257858
23	-97.298698	0.000006	805.031433
24	-97.578987	0.000006	603.773560
25	-96.222359	0.000008	1207.547119
26	-95.818077	0.000009	2213.836426
27	-96.668182	0.000007	1408.805054
28	-97.035408	0.000006	402.515717
29	-97.878616	0.000005	402.515717
30	-97.578987	0.000006	201.257858
31	-95.629219	0.000009	1610.062866
32	-97.726219	0.000006	201.257858
33	-96.552361	0.000007	805.031433
34	-96.222359	0.000008	1006.289307
35	-96.909515	0.000007	805.031433
36	-95.629219	0.000009	1207.547119
37	-96.329597	0.000008	805.031433
38	-96.668182	0.000007	603.773560
39	-96.787170	0.000007	0.000000
40	-96.329597	0.000008	805.031433
41	-96.668182	0.000007	805.031433
42	-95.722618	0.000009	1006.289307
43	-96.909515	0.000007	603.773560
44	-96.787170	0.000007	603.773560
45	-96.668182	0.000007	1006.289307
46	-96.787170	0.000007	402.515717
47	-98.548088	0.000005	201.257858
48	-97.165062	0.000006	402.515717
49	-97.436584	0.000006	603.773560
50	-96.668182	0.000007	805.031433
51	-96.552361	0.000007	1811.320801
52	-95.537788	0.000009	2012.578613
53	-96.909515	0.000007	603.773560
54	-97.878616	0.000005	603.773560
55	-97.878616	0.000005	201.257858
56	-97.298698	0.000006	805.031433
57	-95.448235	0.000009	1006.289307
58	-97.035408	0.000006	603.773560
59	-96.787170	0.000007	805.031433
60	-96.329597	0.000008	1207.547119
61	-96.329597	0.000008	1006.289307
62	-96.015511	0.000008	603.773560
63	-96.668182	0.000007	603.773560
64	-96.329597	0.000008	603.773560
65	-96.552361	0.000007	402.515717
66	-96.668182	0.000007	805.031433
67	-95.537788	0.000009	603.773560
68	-97.165062	0.000006	805.031433
69	-96.668182	0.000007	603.773560
70	-96.787170	0.000007	1006.289307
71	-97.035408	0.000006	603.773560
72	-97.436584	0.000006	201.257858
73	-97.165062	0.000006	402.515717
74	-97.035408	0.000006	805.031433
75	-97.726219	0.000006	603.773560
76	-96.439552	0.000007	1006.289307
77	-96.329597	0.000008	1811.320801
78	-96.015511	0.000008	1610.062866
79	-96.787170	0.000007	805.031433
80	-98.370796	0.000005	201.257858
81	-97.578987	0.000006	402.515717
82	-96.222359	0.000008	1006.289307
83	-96.439552	0.000007	603.773560
84	-97.165062	0.000006	402.515717
85	-84.295189	0.000034	1006.289307
86	-82.332863	0.000057	603.773560
87	-80.117836	0.000077	0.000000
88	-81.497292	0.000062	805.031433
89	-79.159142	0.000089	201.257858
90	-80.328041	0.000073	201.257858
91	-79.326889	0.000093	402.515717
92	-82.363251	0.000054	201.257858
93	-79.594780	0.000084	201.257858
94	-83.831505	0.000049	805.031433
95	-79.799889	0.000082	603.773560
96	-81.900887	0.000057	402.515717
97	-80.665222	0.000076	201.257858
98	-82.411430	0.000054	201.257858
99	-80.073906	0.000084	201.257858
100	-82.154884	0.000058	201.257858
101	-78.983597	0.000095	402.515717
102	-82.670044	0.000057	402.515717
103	-79.374779	0.000085	805.031433
104	-83.005211	0.000050	1207.547119
105	-79.831383	0.000086	201.257858
106	-82.028038	0.000056	0.000000
107	-80.154350	0.000080	201.257858
108	-82.167358	0.000059	0.000000
109	-80.424522	0.000078	805.031433
110	-82.415833	0.000054	0.000000
111	-79.205208	0.000090	402.515717
112	-81.819412	0.000053	402.515717
113	-78.995621	0.000088	402.515717
114	-83.201477	0.000053	0.000000
115	-79.816818	0.000082	201.257858
116	-82.328537	0.000057	402.515717
117	-79.678482	0.000081	201.257858
118	-82.319901	0.000057	0.000000
119	-79.205208	0.000091	402.515717
120	-82.985062	0.000054	805.031433
121	-79.773415	0.000085	402.515717
122	-82.935081	0.000051	402.515717
123	-79.809555	0.000089	402.515717
124	-84.187782	0.000046	402.515717
125	-79.704384	0.000086	805.031433
126	-83.588020	0.000049	402.515717
127	-78.908241	0.000091	805.031433
128	-80.839569	0.000074	2415.094238
129	-67.110916	0.000332	6238.993652
130	-58.310726	0.000969	9257.861328
131	-54.566681	0.001525	12679.245117
132	-49.391098	0.002721	14893.082031
133	-47.259064	0.003341	17106.917969
134	-44.738186	0.004751	17308.175781
135	-43.903400	0.005250	16503.144531
136	-43.117722	0.005232	17911.949219
137	-40.337257	0.007654	17911.949219
138	-40.522804	0.007783	17911.949219
139	-40.305962	0.007677	17710.691406
140	-37.823544	0.010494	19119.496094
141	-39.974705	0.007543	19320.753906
142	-36.249065	0.012209	18716.980469
143	-39.724884	0.008143	17509.433594
144	-38.992046	0.009031	17308.175781
145	-38.184532	0.009458	17308.175781
146	-36.159824	0.011569	18113.207031
147	-35.093277	0.013848	18716.980469
148	-36.577980	0.012189	18716.980469
149	-36.723297	0.011253	17911.949219
150	-37.527615	0.010500	16100.628906
151	-36.383827	0.012251	17911.949219
152	-37.287930	0.010161	16503.144531
153	-39.776569	0.008112	9660.376953
154	-25.790596	0.040401	2616.352295
155	-18.775658	0.078656	1207.547119
156	-11.959947	0.208547	2213.836426
157	-17.506910	0.099497	3018.867920
158	-14.090230	0.155503	3421.383545
159	-18.369823	0.075250	3421.383545
160	-13.058433	0.184227	2213.836426
161	-19.050791	0.093062	2213.836426
162	-14.645269	0.131966	3018.867920
163	-19.069267	0.088957	1811.320801
164	-27.816387	0.030595	3018.867920
165	-36.489407	0.009820	2213.836426
166	-38.360203	0.010236	1207.547119
167	-38.708836	0.009052	2012.578613
168	-25.864012	0.035267	2415.094238
169	-21.279263	0.070300	1610.062866
170	-22.963297	0.063263	603.773560
171	-30.420450	0.024773	805.031433
172	-44.528667	0.005225	603.773560
173	-49.628651	0.002862	1006.289307
174	-53.360119	0.001812	805.031433
175	-51.248913	0.002291	805.031433
176	-50.583885	0.002478	805.031433
177	-51.133278	0.002423	402.515717
178	-48.902443	0.002797	2012.578613
179	-45.679806	0.003963	5031.446777
180	-43.969219	0.005024	6842.767090
181	-40.999378	0.007191	5433.962402
182	-38.483570	0.010603	1408.805054
183	-32.970131	0.019764	805.031433
184	-29.870012	0.027474	1207.547119
185	-29.013186	0.030133	1408.805054
186	-26.342188	0.044659	402.515717
187	-26.792625	0.040042	1408.805054
188	-27.667727	0.036436	805.031433
189	-29.527252	0.029774	1610.062866
190	-32.202850	0.022046	1811.320801
191	-33.551323	0.018805	805.031433
192	-36.418251	0.013155	805.031433
193	-40.556862	0.007934	603.773560
194	-47.991718	0.003112	1006.289307
195	-56.655968	0.001222	3220.125732
196	-57.480316	0.001130	2213.836426
197	-60.759884	0.000680	3018.867920
198	-73.301422	0.000176	3421.383545
199	-73.392662	0.000170	1408.805054
200	-82.080780	0.000066	201.257858
201	-79.977272	0.000087	402.515717
202	-82.870964	0.000059	0.000000
203	-80.724556	0.000072	201.257858
204	-83.999634	0.000053	0.000000
205	-79.754257	0.000084	402.515717
206	-82.688782	0.000062	402.515717
207	-80.252365	0.000081	402.515717
208	-82.778915	0.000058	201.257858
209	-79.699661	0.000083	402.515717
210	-83.693237	0.000056	201.257858
211	-80.369125	0.000079	402.515717
212	-82.875862	0.000057	402.515717
213	-80.671120	0.000074	402.515717
214	-82.817436	0.000058	201.257858
215	-81.565628	0.000064	805.031433
216	-84.227753	0.000051	201.257858
217	-80.861092	0.000071	805.031433
218	-81.987900	0.000065	603.773560
219	-80.612511	0.000071	805.031433
220	-83.303040	0.000053	603.773560
221	-81.415985	0.000068	603.773560
222	-82.376335	0.000064	402.515717
223	-81.388054	0.000068	805.031433
224	-81.967972	0.000068	0.000000
225	-80.534622	0.000076	402.515717
226	-82.052307	0.000066	201.257858
227	-80.606689	0.000070	402.515717
228	-83.657883	0.000054	201.257858
229	-81.576523	0.000067	805.031433
230	-82.915253	0.000058	0.000000
231	-81.021202	0.000068	402.515717
232	-82.084869	0.000066	402.515717
233	-81.624023	0.000062	805.031433
234	-82.735985	0.000061	0.000000
235	-49.607944	0.002115	4025.157227
236	-45.167042	0.004704	1006.289307
237	-39.336353	0.009299	2012.578613
238	-39.960045	0.008739	3622.641602
239	-38.522053	0.010008	3018.867920
240	-24.323273	0.042442	4830.188477
241	-26.354967	0.039784	2415.094238
242	-30.890139	0.025309	1006.289307
243	-33.533741	0.017734	2213.836426
244	-38.190125	0.010445	2616.352295
245	-45.820721	0.003890	6440.251465
246	-54.242310	0.001551	3823.899414
247	-51.121109	0.002401	805.031433
248	-57.845722	0.001042	1006.289307
249	-64.086861	0.000511	1006.289307
250	-75.104980	0.000116	402.515717
251	-80.727539	0.000072	201.257858
252	-82.184044	0.000063	603.773560
253	-81.370689	0.000067	603.773560
254	-40.396519	0.004724	3220.125732
255	-30.196846	0.023856	6037.735840
256	-30.551945	0.016492	6440.251465
257	-22.671362	0.045642	2213.836426
258	-13.744055	0.161774	3220.125732
259	-18.291288	0.089046	3622.641602
260	-16.947803	0.085778	2415.094238
261	-14.320300	0.155590	3622.641602
262	-19.861284	0.074863	2415.094238
263	-20.824755	0.062848	2213.836426
264	-14.528095	0.151617	2415.094238
265	-20.116371	0.078389	1811.320801
266	-21.518660	0.054075	2817.610107
267	-18.188652	0.101884	1610.062866
268	-21.517321	0.072855	603.773560
269	-32.433144	0.018162	1811.320801
270	-29.608334	0.028378	1006.289307
271	-27.434746	0.036094	805.031433
272	-27.430401	0.036834	1207.547119
273	-25.014357	0.048199	2415.094238
274	-23.568186	0.056192	1207.547119
275	-24.077570	0.049656	2817.610107
276	-23.417871	0.057617	2012.578613
277	-23.643684	0.053222	2012.578613
278	-22.895720	0.059325	3823.899414
279	-26.427332	0.039679	2616.352295
280	-26.506859	0.039878	3421.383545
281	-31.206198	0.021352	3622.641602
282	-35.705204	0.013726	1207.547119
283	-38.129372	0.010241	1408.805054
284	-39.763939	0.008443	1006.289307
285	-40.045467	0.007094	3018.867920
286	-45.483974	0.003673	2415.094238
287	-49.149696	0.002990	1408.805054
288	-50.239502	0.002668	1610.062866
289	-48.365746	0.003411	1006.289307
290	-47.117599	0.003858	1006.289307
291	-52.757221	0.001986	1006.289307
292	-54.513805	0.001603	805.031433
293	-56.394276	0.001231	1006.289307
294	-64.632263	0.000362	805.031433
295	-78.531830	0.000091	0.000000
296	-79.146660	0.000094	201.257858
297	-61.089016	0.000492	2213.836426
298	-64.304100	0.000384	1207.547119
299	-76.998528	0.000100	402.515717
300	-81.881348	0.000071	402.515717
301	-82.341522	0.000054	603.773560
302	-80.399506	0.000081	603.773560
303	-81.160942	0.000067	201.257858
304	-81.558388	0.000068	603.773560
305	-81.869667	0.000053	0.000000
306	-81.108421	0.000075	201.257858
307	-82.024010	0.000057	805.031433
308	-81.011620	0.000078	201.257858
309	-82.600479	0.000058	402.515717
310	-82.109451	0.000069	0.000000
311	-82.745491	0.000058	0.000000
312	-82.125916	0.000069	402.515717
313	-82.550163	0.000057	0.000000
314	-81.284889	0.000076	0.000000
315	-82.482483	0.000060	201.257858
316	-81.493729	0.000076	402.515717
317	-83.020393	0.000055	402.515717
318	-80.569069	0.000085	201.257858
319	-82.171524	0.000056	603.773560
320	-79.316078	0.000090	402.515717
321	-81.451149	0.000063	402.515717
322	-80.784706	0.000080	201.257858
323	-81.547539	0.000067	402.515717
324	-81.085640	0.000079	201.257858
325	-81.479485	0.000060	0.000000
326	-81.889153	0.000069	402.515717
327	-81.924446	0.000058	603.773560
328	-81.085640	0.000076	402.515717
329	-81.384575	0.000066	402.515717
330	-81.079147	0.000075	0.000000
331	-81.451149	0.000064	603.773560
332	-81.709366	0.000066	402.515717
333	-82.247200	0.000055	201.257858
334	-81.121490	0.000076	201.257858
335	-82.831970	0.000052	201.257858
336	-81.683212	0.000072	201.257858
337	-81.807899	0.000057	201.257858
338	-82.572960	0.000067	201.257858
339	-60.267101	0.000470	1811.320801
340	-69.236473	0.000223	2012.578613
341	-83.559242	0.000047	402.515717
342	-81.572884	0.000070	0.000000
343	-82.693481	0.000056	201.257858
344	-81.014809	0.000079	603.773560
345	-81.944176	0.000060	603.773560
346	-80.793800	0.000080	402.515717
347	-82.363251	0.000051	603.773560
348	-81.391533	0.000075	0.000000
349	-81.916573	0.000063	201.257858
350	-80.526054	0.000082	402.515717
351	-81.170860	0.000070	0.000000
352	-80.709648	0.000080	201.257858
353	-82.234497	0.000058	603.773560
354	-82.281265	0.000068	402.515717
355	-82.688782	0.000054	603.773560
356	-83.159416	0.000060	0.000000
357	-81.440567	0.000070	805.031433
358	-81.716866	0.000070	201.257858
359	-82.011940	0.000058	1006.289307
360	-82.213402	0.000068	0.000000
361	-81.777344	0.000061	201.257858
362	-82.836823	0.000064	0.000000
363	-81.486603	0.000060	805.031433
364	-80.393967	0.000084	201.257858
365	-80.577721	0.000070	201.257858
366	-80.867256	0.000078	0.000000
367	-81.995903	0.000061	1006.289307
368	-80.793800	0.000078	201.257858
369	-81.043648	0.000065	0.000000
370	-81.251038	0.000074	603.773560
371	-81.422989	0.000062	402.515717
372	-81.011620	0.000080	402.515717
373	-82.563828	0.000056	201.257858
374	-81.971954	0.000070	201.257858
375	-82.600479	0.000056	805.031433
376	-73.456062	0.000148	402.515717
377	-71.861122	0.000230	402.515717
378	-81.991898	0.000064	0.000000
379	-82.072624	0.000060	402.515717
380	-80.167473	0.000083	201.257858
381	-39.392929	0.006661	2616.352295
382	-37.883636	0.009812	4025.157227
383	-27.524496	0.030689	3018.867920
384	-36.662544	0.010048	1207.547119
385	-38.180191	0.010075	1207.547119
386	-29.724115	0.023858	2616.352295
387	-19.133856	0.081824	2012.578613
388	-24.399721	0.048201	2213.836426
389	-32.352417	0.019453	2012.578613
390	-20.444868	0.071590	2012.578613
391	-19.627110	0.087471	2213.836426
392	-25.446550	0.041362	3622.641602
393	-19.695578	0.073100	3018.867920
394	-16.658224	0.116554	2415.094238
395	-20.068766	0.079034	3220.125732
396	-23.660496	0.050589	3018.867920
397	-19.831417	0.061958	2817.610107
398	-17.079620	0.100555	1811.320801
399	-17.667850	0.093515	2012.578613
400	-21.516243	0.071654	2213.836426
401	-23.018436	0.060246	1610.062866
402	-29.506788	0.025944	2213.836426
403	-23.965073	0.034858	2415.094238
404	-32.864113	0.019000	1006.289307
405	-34.849945	0.014405	2012.578613
406	-36.040829	0.013469	1408.805054
407	-36.637691	0.012758	2213.836426
408	-34.230053	0.016928	1006.289307
409	-32.805996	0.019040	1811.320801
410	-28.999578	0.028598	2817.610107
411	-29.234634	0.029635	2213.836426
412	-29.843880	0.028077	1408.805054
413	-30.849655	0.023942	1811.320801
414	-34.819916	0.015368	1408.805054
415	-40.669899	0.007087	4427.672852
416	-47.709000	0.003619	1207.547119
417	-45.212189	0.004055	2616.352295
418	-45.023075	0.003171	10465.409180
419	-54.567608	0.001457	12477.987305
420	-54.559784	0.001422	12276.729492
421	-53.203350	0.001743	13886.791992
422	-49.618149	0.002646	11672.956055
423	-49.781879	0.002644	17911.949219
424	-51.551075	0.002102	18113.207031
425	-50.123466	0.002401	17308.175781
426	-52.736572	0.001775	19119.496094
427	-51.569370	0.002100	18113.207031
428	-53.188454	0.001750	15899.371094
429	-51.241291	0.002200	12276.729492
430	-51.926613	0.002049	14691.824219
431	-53.190395	0.001838	11069.182617
432	-50.996151	0.002354	10465.409180
433	-41.624485	0.006596	4025.157227
434	-19.964331	0.059142	1408.805054
435	-22.297733	0.063142	1811.320801
436	-19.989569	0.056736	2012.578613
437	-17.695375	0.095228	2012.578613
438	-24.947453	0.048872	1811.320801
439	-19.080790	0.059144	2012.578613
440	-19.256319	0.080542	2213.836426
441	-33.668385	0.016713	3018.867920
442	-20.198021	0.066964	2012.578613
443	-31.535482	0.021337	1207.547119
444	-34.226593	0.013557	1811.320801
445	-37.385532	0.011850	1610.062866
446	-33.881809	0.016312	1408.805054
447	-34.082256	0.017156	1207.547119
448	-32.838871	0.019298	1006.289307
449	-34.377586	0.017458	805.031433
450	-32.110943	0.022503	402.515717
451	-34.446976	0.016467	1006.289307
452	-32.564369	0.021523	402.515717
453	-33.103546	0.019442	805.031433
454	-33.146275	0.020347	402.515717
455	-34.718437	0.016172	1006.289307
456	-33.862865	0.018873	402.515717
457	-37.419163	0.011827	1006.289307
458	-38.424564	0.010161	805.031433
459	-42.486950	0.006401	1006.289307
460	-31.658186	0.020737	1006.289307
461	-22.666758	0.066553	1006.289307
462	-23.740667	0.051686	1006.289307
463	-23.538519	0.056791	1207.547119
464	-23.470310	0.053581	1610.062866
465	-23.131029	0.057064	1006.289307
466	-26.657078	0.038407	1408.805054
467	-27.839211	0.030999	2415.094238
468	-25.317093	0.044864	1207.547119
469	-29.187052	0.025191	1006.289307
470	-37.922195	0.010655	1207.547119
471	-35.153019	0.013856	1207.547119
472	-27.052879	0.035599	1610.062866
473	-38.241173	0.008743	1610.062866
474	-47.647648	0.003469	2012.578613
475	-36.590870	0.011968	2817.610107
476	-37.749668	0.010441	1811.320801
477	-43.462738	0.004681	1811.320801
478	-59.722462	0.000797	1610.062866
479	-66.641151	0.000310	805.031433
480	-79.744713	0.000085	603.773560
481	-79.056221	0.000086	201.257858
482	-83.164650	0.000056	402.515717
483	-79.848442	0.000076	1610.062866
484	-81.698135	0.000069	201.257858
485	-80.396736	0.000073	0.000000
486	-82.354546	0.000063	0.000000
487	-80.668175	0.000069	402.515717
488	-82.398239	0.000067	201.257858
489	-81.088882	0.000071	603.773560
490	-81.374153	0.000070	201.257858
491	-80.338959	0.000081	402.515717
492	-82.337189	0.000064	201.257858
493	-51.903458	0.001892	1207.547119
494	-42.614220	0.006224	1006.289307
495	-37.475342	0.012506	402.515717
496	-41.549519	0.007376	1207.547119
497	-41.725765	0.007093	2213.836426
498	-44.532478	0.005167	805.031433
499	-33.805618	0.016487	2213.836426
500	-31.216032	0.023522	1207.547119
501	-29.417196	0.030438	805.031433
502	-30.694283	0.026073	603.773560
503	-35.347855	0.014179	603.773560
504	-32.874168	0.019352	805.031433
505	-29.589306	0.028815	1006.289307
506	-25.086967	0.046492	1006.289307
507	-28.146690	0.031789	2415.094238
508	-27.635761	0.032772	3220.125732
509	-21.948189	0.050682	2213.836426
510	-18.699671	0.089743	1610.062866
511	-17.891542	0.107004	1610.062866
512	-22.080967	0.064119	1811.320801
513	-28.145206	0.031710	1408.805054
514	-14.330493	0.162328	402.515717
515	-22.844072	0.054326	603.773560
516	-35.711945	0.010611	1006.289307
517	-50.267513	0.002445	1207.547119
518	-56.037659	0.001348	1408.805054
519	-58.957989	0.000941	1610.062866
520	-65.061142	0.000473	1006.289307
521	-67.924774	0.000297	402.515717
522	-41.836998	0.005606	2012.578613
523	-8.766017	0.290367	603.773560
524	-25.006374	0.043507	805.031433
525	-31.205378	0.017529	1408.805054
526	-44.908886	0.005120	805.031433
527	-36.938595	0.009014	2012.578613
528	-38.866222	0.009044	3823.899414
529	-29.185852	0.028653	2213.836426
530	-28.533718	0.031627	2213.836426
531	-28.601412	0.032387	1811.320801
532	-30.600344	0.026276	603.773560
533	-32.672802	0.020383	603.773560
534	-38.265137	0.011090	402.515717
535	-39.995590	0.008466	805.031433
536	-40.843586	0.007998	805.031433
537	-38.538479	0.010109	1006.289307
538	-37.642418	0.011243	1006.289307
539	-36.608429	0.013053	1006.289307
540	-36.692551	0.012994	402.515717
541	-39.457420	0.009346	603.773560
542	-38.088165	0.010394	1207.547119
543	-33.484253	0.017369	1006.289307
544	-30.707043	0.024461	1811.320801
545	-35.370674	0.013947	2817.610107
546	-19.878380	0.068627	3622.641602
547	-24.299807	0.043506	4628.930664
548	-33.702702	0.016222	3421.383545
549	-20.058828	0.070736	3421.383545
550	-28.152033	0.030629	3622.641602
551	-23.593346	0.042424	3018.867920
552	-24.531809	0.045205	3421.383545
553	-24.596901	0.039318	2415.094238
554	-23.383165	0.051579	1207.547119
555	-26.343845	0.036629	2012.578613
556	-31.565363	0.014648	3018.867920
557	-34.152424	0.014356	3220.125732
558	-22.783800	0.059278	1207.547119
559	-21.530951	0.058408	2213.836426
560	-21.422260	0.067294	2012.578613
561	-17.094566	0.098465	3421.383545
562	-21.195688	0.067911	2213.836426
563	-24.291590	0.049673	3018.867920
564	-27.639193	0.030846	3018.867920
565	-25.832142	0.039165	2012.578613
566	-25.729530	0.038797	1811.320801
567	-41.215355	0.006832	805.031433
568	-45.884830	0.004508	1006.289307
569	-46.415367	0.003849	1006.289307
570	-53.709755	0.001785	1408.805054
571	-59.191879	0.000908	1006.289307
572	-65.373459	0.000468	1408.805054
573	-71.561646	0.000205	805.031433
574	-77.110130	0.000116	603.773560
575	-79.927269	0.000080	201.257858
576	-80.571945	0.000080	0.000000
577	-78.941795	0.000089	805.031433
578	-82.527489	0.000064	603.773560
579	-80.154350	0.000084	402.515717
580	-81.504433	0.000071	402.515717
581	-79.819244	0.000083	603.773560
582	-81.301918	0.000072	201.257858
583	-80.438484	0.000078	603.773560
584	-83.276085	0.000058	201.257858
585	-11.320985	0.121473	1006.289307
586	-8.290045	0.264399	2213.836426
587	-24.489456	0.040650	402.515717
588	-35.238537	0.011972	2616.352295
589	-36.082615	0.012234	1811.320801
590	-19.433605	0.060485	2213.836426
591	-14.981893	0.138506	2012.578613
592	-17.632902	0.113683	1610.062866
593	-18.155024	0.104836	1811.320801
594	-17.365520	0.086634	1811.320801
595	-14.548097	0.125433	3622.641602
596	-15.364581	0.128030	3622.641602
597	-23.145603	0.057350	2817.610107
598	-30.223967	0.023046	3421.383545
599	-35.393143	0.014209	603.773560
600	-39.632030	0.007528	1207.547119
601	-50.956280	0.002152	2012.578613
602	-53.162464	0.001780	805.031433
603	-52.971790	0.001818	2012.578613
604	-56.600052	0.001210	3018.867920
605	-57.706570	0.001072	1610.062866
606	-68.755066	0.000278	2012.578613
607	-71.217453	0.000215	805.031433
608	-77.456238	0.000110	1408.805054
609	-78.849655	0.000096	201.257858
610	-79.751869	0.000083	603.773560
611	-80.306282	0.000081	201.257858
612	-81.819412	0.000070	402.515717
613	-80.177994	0.000075	402.515717
614	-82.175690	0.000066	201.257858
615	-38.320808	0.008475	3622.641602
616	-39.466118	0.009290	3622.641602
617	-45.654839	0.004333	3220.125732
618	-37.941574	0.009930	1610.062866
619	-31.296724	0.022902	1408.805054
620	-34.339111	0.016526	1610.062866
621	-38.882324	0.008978	1408.805054
622	-50.012276	0.002720	1207.547119
623	-51.885838	0.002228	805.031433
624	-58.033794	0.000940	1006.289307
625	-68.866173	0.000296	201.257858
626	-51.819286	0.001563	4628.930664
627	-69.302277	0.000242	1610.062866
628	-80.836502	0.000079	1006.289307
629	-67.952766	0.000253	402.515717
630	-33.671318	0.014464	4226.415039
631	-43.602219	0.005215	4427.672852
632	-49.971397	0.002554	4226.415039
633	-32.992035	0.012341	2213.836426
634	-29.132015	0.027549	1006.289307
635	-33.116524	0.016191	805.031433
636	-33.641945	0.014182	2817.610107
637	-35.141918	0.013109	1811.320801
638	-39.452766	0.008169	1811.320801
639	-41.421329	0.006849	2415.094238
640	-43.426811	0.005622	3018.867920
641	-48.271343	0.003140	1811.320801
642	-49.998489	0.002638	2213.836426
643	-49.938957	0.002587	2012.578613
644	-53.560429	0.001697	1811.320801
645	-56.354511	0.001283	1207.547119
646	-60.200676	0.000840	2213.836426
647	-66.989792	0.000275	1006.289307
648	-81.580154	0.000070	0.000000
649	-76.760712	0.000120	0.000000
650	-83.086777	0.000059	402.515717
651	-79.718575	0.000090	201.257858
652	-80.089355	0.000079	402.515717
653	-79.357307	0.000087	201.257858
654	-82.209198	0.000063	1207.547119
655	-79.366035	0.000095	0.000000
656	-81.254410	0.000070	603.773560
657	-79.685532	0.000089	0.000000
658	-81.904800	0.000064	0.000000
659	-79.361671	0.000086	603.773560
660	-82.637444	0.000061	1408.805054
661	-79.232658	0.000093	0.000000
662	-82.836823	0.000060	201.257858
663	-78.782295	0.000099	402.515717
664	-80.929436	0.000077	0.000000
665	-78.671051	0.000098	402.515717
666	-83.233299	0.000056	201.257858
667	-79.082748	0.000091	201.257858
668	-82.731247	0.000060	402.515717
669	-79.285950	0.000093	0.000000
670	-82.632805	0.000063	0.000000
671	-79.423210	0.000088	201.257858
672	-81.743217	0.000067	402.515717
673	-78.951714	0.000095	201.257858
674	-81.336166	0.000073	603.773560
675	-80.002495	0.000081	0.000000
676	-83.440399	0.000051	603.773560
677	-79.828957	0.000089	201.257858
678	-81.562004	0.000068	603.773560
679	-79.418785	0.000089	201.257858
680	-81.144463	0.000072	805.031433
681	-79.230545	0.000089	603.773560
682	-81.952095	0.000066	402.515717
683	-79.544418	0.000087	201.257858
684	-82.793320	0.000063	805.031433
685	-79.790237	0.000088	0.000000
686	-80.793800	0.000069	805.031433
687	-79.258156	0.000089	402.515717
688	-82.134171	0.000067	201.257858
689	-79.732811	0.000084	201.257858
690	-82.925156	0.000064	805.031433
691	-80.537483	0.000084	0.000000
692	-81.405487	0.000072	201.257858
693	-79.029854	0.000098	0.000000
694	-81.916573	0.000069	201.257858
695	-79.056221	0.000093	201.257858
696	-81.508011	0.000070	0.000000
697	-79.092987	0.000096	0.000000
698	-82.755013	0.000061	0.000000
699	-78.680367	0.000098	0.000000
700	-80.480637	0.000077	201.257858
701	-78.522827	0.000096	201.257858
702	-82.217613	0.000067	1207.547119
703	-78.564400	0.000102	402.515717
704	-81.747002	0.000065	201.257858
705	-79.580986	0.000089	402.515717
706	-80.935699	0.000073	805.031433
707	-78.506668	0.000101	603.773560
708	-82.011940	0.000065	402.515717
709	-79.086838	0.000095	201.257858
710	-79.907425	0.000083	603.773560
711	-78.894501	0.000097	201.257858
712	-82.101242	0.000060	805.031433
713	-79.775810	0.000089	201.257858
714	-81.995903	0.000065	603.773560
715	-79.606308	0.000086	603.773560
716	-77.804802	0.000093	603.773560
717	-80.271164	0.000085	0.000000
718	-80.992516	0.000077	402.515717
719	-79.819244	0.000089	201.257858
720	-80.595078	0.000074	603.773560
721	-79.184204	0.000087	603.773560
722	-80.986168	0.000073	603.773560
723	-78.454994	0.000098	201.257858
724	-83.102242	0.000058	1006.289307
725	-80.455292	0.000082	201.257858
726	-82.032074	0.000066	402.515717
727	-80.644646	0.000078	201.257858
728	-82.469070	0.000063	402.515717
729	-79.574104	0.000089	402.515717
730	-82.712318	0.000061	402.515717
731	-79.476662	0.000084	201.257858
732	-82.577538	0.000057	0.000000
733	-80.002495	0.000085	402.515717
734	-81.085640	0.000069	805.031433
735	-80.446884	0.000079	402.515717
736	-82.915253	0.000056	603.773560
737	-78.770851	0.000095	603.773560
738	-82.134171	0.000063	402.515717
739	-80.276550	0.000079	402.515717
740	-81.034012	0.000076	805.031433
741	-39.821659	0.004982	3220.125732
742	-38.614384	0.008886	6440.251465
743	-35.760082	0.012614	6238.993652
744	-19.505079	0.066754	3823.899414
745	-19.819376	0.083620	3220.125732
746	-23.819866	0.051370	2012.578613
747	-27.203209	0.036307	2012.578613
748	-24.567230	0.042225	2616.352295
749	-24.084513	0.048319	2415.094238
750	-28.289280	0.030737	2817.610107
751	-34.310993	0.016218	805.031433
752	-38.172844	0.010098	1408.805054
753	-41.363144	0.006607	1207.547119
754	-44.161518	0.005043	1207.547119
755	-40.143494	0.007686	1408.805054
756	-37.510830	0.010980	1408.805054
757	-36.396370	0.012938	1006.289307
758	-36.589211	0.013155	402.515717
759	-39.418804	0.008838	603.773560
760	-43.899380	0.004878	805.031433
761	-43.775059	0.004861	805.031433
762	-48.106853	0.003348	1207.547119
763	-53.718063	0.001673	1006.289307
764	-51.776798	0.002176	402.515717
765	-59.836079	0.000803	603.773560
766	-69.579147	0.000192	0.000000
767	-77.975861	0.000096	201.257858
768	-80.802917	0.000080	402.515717
769	-80.149117	0.000084	201.257858
770	-81.642433	0.000067	0.000000
771	-26.998655	0.034616	2616.352295
772	-18.190802	0.090445	1408.805054
773	-16.638365	0.117283	1207.547119
774	-17.213505	0.092327	1811.320801
775	-11.893042	0.217646	1207.547119
776	-14.882073	0.146928	1408.805054
777	-19.107880	0.080171	2213.836426
778	-12.482793	0.174593	1811.320801
779	-12.790738	0.183704	2012.578613
780	-18.008684	0.097650	2415.094238
781	-17.888414	0.069386	2213.836426
782	-20.947573	0.062686	1811.320801
783	-37.033714	0.011826	1610.062866
784	-35.329765	0.012744	2213.836426
785	-26.952168	0.032117	1610.062866
786	-33.269497	0.018395	1408.805054
787	-33.868118	0.014024	3220.125732
788	-45.197842	0.004862	805.031433
789	-42.677090	0.005894	603.773560
790	-37.071533	0.012362	603.773560
791	-36.173729	0.013151	1006.289307
792	-39.616489	0.008340	1006.289307
793	-38.525772	0.009783	2012.578613
794	-37.261539	0.011195	2616.352295
795	-35.855209	0.013317	1610.062866
796	-36.274864	0.013382	1610.062866
797	-36.751583	0.012355	1408.805054
798	-36.404686	0.013578	805.031433
799	-37.797974	0.011019	1006.289307
800	-38.264790	0.010769	402.515717
801	-38.371140	0.009038	2213.836426
802	-37.209141	0.011850	402.515717
803	-27.842501	0.027404	2213.836426
804	-25.692308	0.036872	1006.289307
805	-27.401114	0.030867	1610.062866
806	-28.535490	0.024964	1610.062866
807	-29.225458	0.023948	1408.805054
808	-28.123577	0.027867	3018.867920
809	-28.905346	0.027434	1207.547119
810	-30.122614	0.024675	805.031433
811	-30.106300	0.023709	805.031433
812	-32.560364	0.018826	1610.062866
813	-35.490078	0.014569	805.031433
814	-40.923676	0.007767	1207.547119
815	-42.610584	0.006520	805.031433
816	-40.366993	0.008220	1207.547119
817	-37.117290	0.011825	1610.062866
818	-37.153034	0.011625	1207.547119
819	-37.250584	0.011570	1811.320801
820	-37.792690	0.010652	2817.610107
821	-40.284199	0.008411	2817.610107
822	-40.001984	0.008166	1207.547119
823	-42.055717	0.006339	1207.547119
824	-42.846004	0.005738	1207.547119
825	-47.561779	0.002888	1811.320801
826	-60.345306	0.000712	1408.805054
827	-66.433769	0.000285	201.257858
828	-75.342293	0.000135	402.515717
829	-77.964775	0.000106	805.031433
830	-80.960861	0.000075	201.257858
831	-77.622635	0.000106	603.773560
832	-36.197075	0.008363	2817.610107
833	-37.286346	0.010029	4025.157227
834	-41.276402	0.007052	2012.578613
835	-38.778465	0.008143	3220.125732
836	-52.227371	0.001867	2213.836426
837	-35.261490	0.011498	4025.157227
838	-44.086014	0.005040	3220.125732
839	-25.674107	0.037551	2213.836426
840	-26.328665	0.036123	1811.320801
841	-25.597242	0.037952	2213.836426
842	-27.433609	0.033283	1811.320801
843	-28.651731	0.029728	1811.320801
844	-29.414482	0.029820	1408.805054
845	-31.762810	0.020937	2012.578613
846	-29.919161	0.026075	1408.805054
847	-28.870888	0.031659	1207.547119
848	-32.952583	0.019241	1408.805054
849	-26.239357	0.040273	1006.289307
850	-23.809830	0.048125	1408.805054
851	-19.161562	0.084965	1610.062866
852	-15.188572	0.139987	1811.320801
853	-19.040632	0.091809	1811.320801
854	-15.614321	0.107293	2415.094238
855	-13.946712	0.154352	2817.610107
856	-15.952077	0.097967	2415.094238
857	-18.157322	0.087461	2213.836426
858	-21.719542	0.056385	2213.836426
859	-29.698221	0.025142	2415.094238
860	-42.548645	0.005807	2616.352295
861	-43.408245	0.005556	3421.383545
862	-43.269520	0.005503	6440.251465
863	-41.420734	0.006353	11270.440430
864	-36.602032	0.012423	3421.383545
865	-31.155235	0.023153	4830.188477
866	-27.925714	0.029861	4427.672852
867	-30.784967	0.022843	3018.867920
868	-31.836002	0.019278	3622.641602
869	-34.890827	0.015302	2012.578613
870	-35.488663	0.013879	3823.899414
871	-29.551029	0.029343	1610.062866
872	-36.341263	0.013157	2817.610107
873	-39.830791	0.008271	2616.352295
874	-23.035191	0.049969	1006.289307
875	-21.050564	0.069272	1207.547119
876	-19.247461	0.085633	1207.547119
877	-18.551075	0.089532	1610.062866
878	-17.997478	0.097645	1811.320801
879	-18.303310	0.096288	1811.320801
880	-20.397369	0.075735	2213.836426
881	-25.246059	0.045256	1610.062866
882	-31.785664	0.021693	1811.320801
883	-30.391661	0.023041	1811.320801
884	-34.122723	0.015375	805.031433
885	-34.466484	0.015049	1006.289307
886	-37.586189	0.011289	402.515717
887	-43.188972	0.005609	603.773560
888	-48.076279	0.003160	603.773560
889	-50.917202	0.002401	1006.289307
890	-57.394283	0.001067	603.773560
891	-60.239555	0.000605	402.515717
892	-77.425392	0.000097	201.257858
893	-83.949135	0.000048	402.515717
894	-81.904800	0.000055	201.257858
895	-81.846397	0.000065	201.257858
896	-83.066238	0.000049	1207.547119
897	-82.495934	0.000065	603.773560
898	-82.623543	0.000062	201.257858
899	-82.935081	0.000060	0.000000
900	-81.724380	0.000067	402.515717
901	-83.451584	0.000055	402.515717
902	-81.683212	0.000068	402.515717
903	-82.272720	0.000064	0.000000
904	-81.493729	0.000069	402.515717
905	-82.778915	0.000060	201.257858
906	-81.346497	0.000070	201.257858
907	-81.679489	0.000068	201.257858
908	-81.672050	0.000066	805.031433
909	-81.987900	0.000067	0.000000
910	-81.137886	0.000069	402.515717
911	-82.036118	0.000060	0.000000
912	-81.144463	0.000074	201.257858
913	-81.151047	0.000068	201.257858
914	-81.731903	0.000070	201.257858
915	-82.217613	0.000067	201.257858
916	-79.942207	0.000080	1006.289307
917	-81.433533	0.000068	201.257858
918	-81.082390	0.000069	201.257858
919	-82.600479	0.000056	201.257858
920	-80.319870	0.000077	0.000000
921	-81.079147	0.000072	201.257858
922	-81.114952	0.000072	201.257858
923	-82.595879	0.000059	1006.289307
924	-81.167549	0.000075	402.515717
925	-81.660919	0.000064	201.257858
926	-81.072670	0.000072	402.515717
927	-81.694405	0.000066	201.257858
928	-81.952095	0.000061	603.773560
929	-81.885246	0.000064	201.257858
930	-81.018005	0.000070	0.000000
931	-81.554771	0.000067	603.773560
932	-82.294106	0.000063	0.000000
933	-82.586700	0.000061	402.515717
934	-81.360306	0.000069	201.257858
935	-83.159416	0.000055	402.515717
936	-80.405052	0.000079	201.257858
937	-83.407036	0.000055	201.257858
938	-80.600883	0.000080	201.257858
939	-83.243958	0.000057	0.000000
940	-80.805962	0.000074	402.515717
941	-81.932327	0.000062	805.031433
942	-82.651382	0.000063	805.031433
943	-82.841682	0.000057	201.257858
944	-80.167473	0.000081	201.257858
945	-47.402519	0.003168	3421.383545
946	-51.456108	0.002131	3823.899414
947	-52.443703	0.001867	12477.987305
948	-51.825298	0.002049	8855.345703
949	-51.418476	0.002215	4830.188477
950	-46.388218	0.003274	4830.188477
951	-33.007858	0.018932	1006.289307
952	-32.523758	0.021676	603.773560
953	-34.289619	0.015981	1610.062866
954	-34.637505	0.014606	2012.578613
955	-28.956026	0.030865	603.773560
956	-25.224039	0.048913	603.773560
957	-24.768709	0.047001	603.773560
958	-25.970530	0.035333	3622.641602
959	-23.080423	0.055331	3421.383545
960	-21.863651	0.062737	2616.352295
961	-22.898157	0.056789	2415.094238
962	-24.446918	0.048219	2616.352295
963	-29.191784	0.028744	3018.867920
964	-30.550026	0.024373	2012.578613
965	-30.179075	0.023676	2817.610107
966	-33.383064	0.018056	603.773560
967	-23.923044	0.038329	1811.320801
968	-30.890308	0.020814	1006.289307
969	-36.591038	0.012589	1610.062866
970	-35.524246	0.014296	2213.836426
971	-34.734329	0.015874	1408.805054
972	-36.997509	0.012686	805.031433
973	-38.953709	0.008856	603.773560
974	-36.758209	0.010717	2213.836426
975	-33.175129	0.016976	2213.836426
976	-28.839886	0.027581	1006.289307
977	-28.304220	0.030972	2616.352295
978	-19.429014	0.057374	3220.125732
979	-16.830135	0.097378	2616.352295
980	-22.903608	0.055283	3018.867920
981	-30.402382	0.022107	4025.157227
982	-16.708027	0.100521	2616.352295
983	-23.178314	0.056467	2817.610107
984	-19.242954	0.068713	2012.578613
985	-21.176470	0.068014	3421.383545
986	-28.870312	0.027323	1811.320801
987	-26.897594	0.038544	805.031433
988	-28.747570	0.028079	2415.094238
989	-26.016869	0.042506	1006.289307
990	-23.033636	0.063997	1207.547119
991	-24.517673	0.052284	1006.289307
992	-23.785009	0.058222	805.031433
993	-21.835428	0.072044	1006.289307
994	-22.745283	0.060689	1610.062866
995	-21.563938	0.070299	1408.805054
996	-22.834225	0.059232	2012.578613
997	-29.491377	0.028611	1408.805054
998	-32.481655	0.019714	3220.125732
999	-34.791962	0.014697	5232.704590
1000	-31.925173	0.021482	6037.735840
1001	-31.400274	0.021494	6641.509277
1002	-33.900677	0.016388	6641.509277
1003	-35.473152	0.012860	11270.440430
1004	-34.922134	0.014436	10867.924805
1005	-32.345436	0.019567	7245.283203
1006	-33.662769	0.017300	5433.962402
1007	-36.609837	0.011833	9056.603516
1008	-33.784878	0.016973	5635.220215
1009	-40.091854	0.008141	6440.251465
1010	-39.530235	0.008382	4830.188477
1011	-41.670555	0.006905	5031.446777
1012	-36.992218	0.011862	1006.289307
1013	-31.254915	0.024376	603.773560
1014	-31.268890	0.024155	805.031433
1015	-31.114136	0.024339	1207.547119
1016	-31.531839	0.023473	805.031433
1017	-31.416153	0.023312	805.031433
1018	-31.426458	0.024130	402.515717
1019	-34.099842	0.017003	1811.320801
1020	-35.477924	0.014640	1006.289307
1021	-35.056164	0.015765	1408.805054
1022	-36.739902	0.012123	3220.125732
1023	-38.606171	0.009392	8452.830078
1024	-36.306866	0.012140	5635.220215
1025	-37.039349	0.011908	5433.962402
1026	-39.297161	0.008610	10465.409180
1027	-40.977146	0.006901	12679.245117
1028	-42.039845	0.006584	9257.861328
1029	-42.298325	0.006135	10666.666992
1030	-44.245537	0.004794	12880.502930
1031	-45.028538	0.004518	13484.276367
1032	-44.485287	0.004817	9861.634766
1033	-46.605087	0.003642	9056.603516
1034	-49.242779	0.002781	10867.924805
1035	-47.633530	0.003368	6440.251465
1036	-51.297390	0.002197	4628.930664
1037	-57.592033	0.001153	1811.320801
1038	-66.525360	0.000324	2012.578613
1039	-76.802887	0.000110	603.773560
1040	-79.982307	0.000084	603.773560
1041	-79.934731	0.000082	603.773560
1042	-79.627144	0.000092	402.515717
1043	-81.141167	0.000068	201.257858
1044	-78.863258	0.000095	201.257858
1045	-85.042374	0.000045	603.773560
1046	-80.035500	0.000079	201.257858
1047	-84.254601	0.000047	402.515717
1048	-80.706673	0.000077	402.515717
1049	-83.335617	0.000052	805.031433
1050	-80.032951	0.000081	805.031433
1051	-85.856850	0.000038	402.515717
1052	-80.653458	0.000073	201.257858
1053	-83.133331	0.000058	0.000000
1054	-81.451149	0.000069	402.515717
1055	-83.693237	0.000054	402.515717
1056	-80.821205	0.000076	0.000000
1057	-83.813217	0.000051	402.515717
1058	-80.438484	0.000076	603.773560
1059	-83.843735	0.000049	0.000000
1060	-79.959709	0.000078	603.773560
1061	-84.214386	0.000047	402.515717
1062	-81.197426	0.000075	402.515717
1063	-83.819305	0.000049	0.000000
1064	-80.742516	0.000074	402.515717
1065	-82.559273	0.000059	1006.289307
1066	-80.833435	0.000072	0.000000
1067	-81.709366	0.000068	805.031433
1068	-80.295448	0.000076	201.257858
1069	-50.566788	0.001092	2213.836426
1070	-6.960493	0.320586	2415.094238
1071	-12.021830	0.173541	805.031433
1072	-19.566149	0.090084	1207.547119
1073	-15.606748	0.123708	1006.289307
1074	-18.091425	0.101356	1408.805054
1075	-17.716249	0.108109	1207.547119
1076	-21.355946	0.069068	1408.805054
1077	-25.194981	0.043366	1006.289307
1078	-27.841726	0.035925	1207.547119
1079	-32.325401	0.019477	3018.867920
1080	-38.365124	0.009373	2012.578613
1081	-31.690622	0.018670	2616.352295
1082	-18.983261	0.082360	1811.320801
1083	-10.774457	0.246735	805.031433
1084	-12.124187	0.180372	1006.289307
1085	-24.487028	0.038927	805.031433
1086	-37.648788	0.011489	603.773560
1087	-31.418688	0.020164	805.031433
1088	-25.236866	0.043473	805.031433
1089	-15.005412	0.136703	603.773560
1090	-17.462578	0.106065	1207.547119
1091	-12.020845	0.212272	805.031433
1092	-12.642681	0.190764	1408.805054
1093	-18.618090	0.091400	1610.062866
1094	-17.796629	0.105454	2213.836426
1095	-16.339653	0.124525	1811.320801
1096	-17.489729	0.109794	1408.805054
1097	-18.945427	0.096893	1006.289307
1098	-21.133865	0.074576	603.773560
1099	-21.452845	0.074771	1408.805054
1100	-20.895487	0.073339	2817.610107
1101	-15.517219	0.131201	1006.289307
1102	-15.980395	0.139754	1006.289307
1103	-19.736416	0.082813	1408.805054
1104	-15.220164	0.125000	2012.578613
1105	-17.962473	0.106600	1408.805054
1106	-19.569441	0.089100	1207.547119
1107	-28.211557	0.033815	805.031433
1108	-38.827755	0.009016	1207.547119
1109	-43.791656	0.005587	805.031433
1110	-50.654179	0.002553	1408.805054
1111	-57.130768	0.001012	2012.578613
1112	-62.277416	0.000614	1207.547119
1113	-67.849251	0.000315	805.031433
1114	-72.895515	0.000187	1006.289307
1115	-39.693161	0.006109	6238.993652
1116	-41.974461	0.006668	3220.125732
1117	-48.944126	0.002877	4427.672852
1118	-40.250759	0.007836	2012.578613
1119	-37.036999	0.011941	805.031433
1120	-37.573765	0.011335	1610.062866
1121	-35.989918	0.012753	1207.547119
1122	-34.477699	0.013138	3823.899414
1123	-36.729256	0.010951	2415.094238
1124	-37.260963	0.010925	1811.320801
1125	-38.389526	0.008973	1610.062866
1126	-41.130810	0.007512	1207.547119
1127	-49.385891	0.002658	3018.867920
1128	-45.885387	0.004315	2415.094238
1129	-42.350132	0.006429	3622.641602
1130	-42.261131	0.006130	4830.188477
1131	-42.927296	0.005914	4226.415039
1132	-45.408352	0.004208	6842.767090
1133	-41.176704	0.007035	6037.735840
1134	-43.229946	0.005624	5232.704590
1135	-43.235237	0.005582	7446.541016
1136	-42.083099	0.006293	6238.993652
1137	-44.446533	0.004762	6641.509277
1138	-45.147758	0.004363	8251.572266
1139	-44.116352	0.004951	7245.283203
1140	-44.882282	0.004607	5031.446777
1141	-45.718655	0.004230	3622.641602
1142	-48.807167	0.002696	3823.899414
1143	-55.762943	0.001333	4427.672852
1144	-56.664627	0.001171	4025.157227
1145	-58.093681	0.001031	3220.125732
1146	-57.218529	0.001019	5232.704590
1147	-46.867706	0.003424	12880.502930
1148	-32.458122	0.013159	2415.094238
1149	-33.938065	0.018705	805.031433
1150	-47.257217	0.003400	3018.867920
1151	-42.806072	0.005636	4628.930664
1152	-47.504368	0.003591	3421.383545
1153	-38.668911	0.009916	1408.805054
1154	-31.778196	0.019477	2012.578613
1155	-34.322517	0.016670	1207.547119
1156	-33.879066	0.017489	1610.062866
1157	-28.669283	0.029873	2012.578613
1158	-38.335102	0.009512	402.515717
1159	-51.849960	0.001742	1006.289307
1160	-58.300358	0.001099	201.257858
1161	-46.810711	0.003480	3421.383545
1162	-43.584072	0.005778	1006.289307
1163	-35.073105	0.013882	3421.383545
1164	-41.902126	0.007718	402.515717
1165	-52.634029	0.001610	1006.289307
1166	-49.838520	0.002211	1006.289307
1167	-39.430065	0.008264	603.773560
1168	-55.433628	0.001612	0.000000
1169	-67.238853	0.000356	603.773560
1170	-73.804100	0.000189	0.000000
1171	-61.699295	0.000577	603.773560
1172	-56.071995	0.001395	201.257858
1173	-67.616348	0.000318	0.000000
1174	-71.227165	0.000228	0.000000
1175	-82.935081	0.000059	603.773560
1176	-78.641365	0.000091	0.000000
1177	-84.148186	0.000053	0.000000
1178	-80.551811	0.000075	201.257858
1179	-84.829712	0.000046	201.257858
1180	-81.664627	0.000065	0.000000
1181	-85.240570	0.000041	0.000000
1182	-82.755013	0.000055	402.515717
1183	-82.985062	0.000056	402.515717
1184	-79.469940	0.000085	0.000000
1185	-83.097076	0.000058	0.000000
1186	-83.143745	0.000054	603.773560
1187	-85.985321	0.000040	402.515717
1188	-82.478004	0.000062	402.515717
1189	-82.990089	0.000054	201.257858
1190	-81.395020	0.000068	402.515717
1191	-85.713188	0.000038	805.031433
1192	-82.088951	0.000064	402.515717
1193	-86.275650	0.000038	0.000000
1194	-83.190926	0.000053	402.515717
1195	-86.005424	0.000039	402.515717
1196	-82.315590	0.000061	402.515717
1197	-82.812599	0.000054	603.773560
1198	-82.101242	0.000066	402.515717
1199	-85.818077	0.000039	201.257858
1200	-82.056358	0.000059	0.000000
1201	-85.466003	0.000044	201.257858
1202	-83.112579	0.000054	201.257858
1203	-86.529564	0.000036	1610.062866
1204	-83.222664	0.000054	402.515717
1205	-84.274849	0.000048	603.773560
1206	-81.948135	0.000062	201.257858
1207	-84.663818	0.000044	0.000000
1208	-82.875862	0.000056	201.257858
1209	-84.954475	0.000045	201.257858
1210	-82.812599	0.000054	201.257858
1211	-84.708435	0.000043	402.515717
1212	-83.384933	0.000055	402.515717
1213	-84.468513	0.000046	402.515717
1214	-82.774124	0.000056	0.000000
1215	-86.128059	0.000039	402.515717
1216	-82.007927	0.000063	402.515717
1217	-83.746819	0.000051	0.000000
1218	-83.196198	0.000055	201.257858
1219	-83.292236	0.000057	0.000000
1220	-83.107407	0.000058	603.773560
1221	-84.050735	0.000047	0.000000
1222	-83.559242	0.000051	201.257858
1223	-85.404144	0.000039	201.257858
1224	-85.300117	0.000041	201.257858
1225	-85.377907	0.000044	402.515717
1226	-82.093048	0.000061	603.773560
1227	-85.066658	0.000047	201.257858
1228	-83.657883	0.000051	201.257858
1229	-84.922951	0.000046	603.773560
1230	-81.569260	0.000063	402.515717
1231	-83.711021	0.000052	201.257858
1232	-83.379425	0.000052	201.257858
1233	-87.165062	0.000036	402.515717
1234	-84.447350	0.000046	201.257858
1235	-85.537788	0.000042	201.257858
1236	-82.836823	0.000057	201.257858
1237	-84.899452	0.000045	402.515717
1238	-83.102242	0.000051	402.515717
1239	-84.247871	0.000051	805.031433
1240	-82.920204	0.000057	0.000000
1241	-82.486961	0.000062	402.515717
1242	-81.991898	0.000057	603.773560
1243	-85.173492	0.000046	1006.289307
1244	-81.363762	0.000068	402.515717
1245	-84.440315	0.000050	201.257858
1246	-83.849869	0.000049	402.515717
1247	-85.492783	0.000041	201.257858
1248	-80.656395	0.000072	402.515717
1249	-85.002197	0.000048	603.773560
1250	-82.637444	0.000060	0.000000
1251	-85.181824	0.000046	201.257858
1252	-83.066238	0.000054	0.000000
1253	-84.922951	0.000046	603.773560
1254	-83.081635	0.000055	201.257858
1255	-83.599586	0.000053	603.773560
1256	-83.831505	0.000049	201.257858
1257	-83.849869	0.000053	402.515717
1258	-81.796417	0.000064	402.515717
1259	-85.317284	0.000040	201.257858
1260	-82.389465	0.000054	603.773560
1261	-84.829712	0.000044	0.000000
1262	-80.982994	0.000069	201.257858
1263	-85.173492	0.000044	603.773560
1264	-83.335617	0.000056	805.031433
1265	-83.341064	0.000056	201.257858
1266	-82.469070	0.000054	201.257858
1267	-84.791451	0.000039	201.257858
1268	-81.237572	0.000072	402.515717
1269	-84.148186	0.000049	201.257858
1270	-83.148964	0.000057	402.515717
1271	-82.895515	0.000056	201.257858
1272	-82.442375	0.000058	402.515717
1273	-84.899452	0.000044	201.257858
1274	-83.479652	0.000052	201.257858
1275	-83.286850	0.000054	805.031433
1276	-83.097076	0.000054	603.773560
1277	-82.618919	0.000063	0.000000
1278	-85.082924	0.000042	201.257858
1279	-82.259941	0.000065	402.515717
1280	-84.626984	0.000046	201.257858
1281	-85.474907	0.000041	603.773560
1282	-82.778915	0.000054	201.257858
1283	-87.637283	0.000033	402.515717
1284	-83.227982	0.000053	0.000000
1285	-84.391396	0.000050	1006.289307
1286	-81.869667	0.000060	603.773560
1287	-83.030540	0.000056	402.515717
1288	-83.357468	0.000049	0.000000
1289	-81.518761	0.000073	0.000000
1290	-83.000168	0.000057	603.773560
1291	-84.037903	0.000047	805.031433
1292	-83.102242	0.000055	402.515717
1293	-83.968010	0.000051	0.000000
1294	-82.048248	0.000058	402.515717
1295	-82.735985	0.000059	0.000000
1296	-83.519264	0.000053	0.000000
1297	-85.619987	0.000044	0.000000
1298	-81.777344	0.000061	805.031433
1299	-83.999634	0.000048	402.515717
1300	-81.108421	0.000067	201.257858
1301	-84.174545	0.000048	402.515717
1302	-82.294106	0.000057	0.000000
1303	-83.243958	0.000058	402.515717
1304	-82.350197	0.000057	0.000000
1305	-82.778915	0.000057	1207.547119
